0.0  26.490753103677516  23.436040621231225  54.61106115064969  48.99820404871999  73.28628793983223  61.85130556423203  45.45072056634526  61.85130556423203  56.14780494373756  51.37734909471293  66.77694212825263  52.834382744572686  65.51750911016077  57.296980723245795  51.29842102833185  42.12752069609604  58.48302317767097  40.62728147439846  42.749035076829514  41.33095692093276  76.33337409023657  55.57711759348446  54.9655164625968  55.57711759348446
26.490753103677516  0.0  12.302845199383759  35.49940844577554  27.77437668067458  69.74226838868951  62.62089108276886  30.579862655021852  62.62089108276886  34.88953997977044  37.81259049575948  49.444999747193854  38.798556674185704  50.99129337445757  47.02016588656404  44.25553072780847  22.63431023910382  37.62201483174446  26.704905916329306  34.333307443355935  27.907991686970238  59.88909750530559  36.85517602725566  45.66355220523256  36.85517602725566
23.436040621231225  12.302845199383759  0.0  41.02643050522431  32.399382710169036  73.23845984180716  65.02627161386388  36.42164191795862  65.02627161386388  41.080798434305045  43.70812281487275  51.26207174900367  43.53389484068707  52.68077448177846  46.81230607436468  49.06689311541948  28.22552036721378  43.8793801232424  30.81142645188632  29.76696155135757  25.62295845526039  61.75461116386371  42.72385750374139  49.898857702356274  42.72385750374139
54.61106115064969  35.49940844577554  41.02643050522431  0.0  23.6621216293045  74.44697441803797  70.02570956441642  28.946709657575937  70.02570956441642  15.889115771495907  35.6727346863119  42.377635611251364  31.32615520615321  49.33785564857881  56.49283140363917  46.938001661766556  24.9022087373791  17.592043656153198  33.44416242036867  40.50570330212771  29.83648772895362  53.233823834100065  31.507967246396586  49.72331445107013  31.507967246396586
48.99820404871999  27.77437668067458  32.399382710169036  23.6621216293045  0.0  80.12315520497181  75.0480912482123  27.577672128009645  75.0480912482123  15.643784708311477  34.033042767287206  28.909514004908488  39.022557578918374  43.40774124508208  46.585920619861106  48.442130423836645  19.14575671003891  18.832312656707884  32.17241054071019  31.159460842575566  22.340277527371946  40.809704728164846  30.555523232306136  51.52428553604601  30.555523232306136
73.28628793983223  69.74226838868951  73.23845984180716  74.44697441803797  80.12315520497181  0.0  20.067087481744828  66.50046616377963  20.067087481744828  73.7841175321627  69.79891116629256  108.35825764564508  64.49099161898505  109.7415873768919  115.35309271970128  62.63270711058241  61.9388730927517  75.88765380481861  53.64893288780309  92.55368172039402  78.22311678781408  120.38976700700105  60.28598510433416  38.63107557394694  60.28598510433416
61.85130556423203  62.62089108276886  65.02627161386388  70.02570956441642  75.0480912482123  20.067087481744828  0.0  60.62336183353741  0.0  69.92418751762511  63.4700559319117  102.8414313397086  60.03892070981956  104.71202414240688  108.24365108402432  55.04725242916307  56.42885786545746  71.93102251462855  46.304038700744016  84.48408134080645  70.85054692802308  115.00052173794691  60.25399571812645  39.8600551931379  60.25399571812645
45.45072056634526  30.579862655021852  36.42164191795862  28.946709657575937  27.577672128009645  66.50046616377963  60.62336183353741  0.0  60.62336183353741  26.507508370271243  19.3731773336229  51.21140497975036  33.922853653547484  57.953843703416254  61.57629413987171  30.110463297664484  22.339919426891406  26.05409756640978  29.46550525614655  44.372063283106414  33.80224844592443  61.9821264559389  32.97429301744012  41.52531757855682  32.97429301744012
61.85130556423203  62.62089108276886  65.02627161386388  70.02570956441642  75.0480912482123  20.067087481744828  0.0  60.62336183353741  0.0  69.92418751762511  63.4700559319117  102.8414313397086  60.03892070981956  104.71202414240688  108.24365108402432  55.04725242916307  56.42885786545746  71.93102251462855  46.304038700744016  84.48408134080645  70.85054692802308  115.00052173794691  60.25399571812645  39.8600551931379  60.25399571812645
56.14780494373756  34.88953997977044  41.080798434305045  15.889115771495907  15.643784708311477  73.7841175321627  69.92418751762511  26.507508370271243  69.92418751762511  0.0  30.903980326165108  38.71154866444896  34.122368030369756  51.73300687182217  58.41890105094412  44.78097810454792  18.515074939086798  7.051241025521677  29.18383113986236  42.471355052552774  30.198675467642616  50.01711707005913  27.594782115465236  48.56146620521254  27.594782115465236
51.37734909471293  37.81259049575948  43.70812281487275  35.6727346863119  34.033042767287206  69.79891116629256  63.4700559319117  19.3731773336229  63.4700559319117  30.903980326165108  0.0  54.84822695402286  36.54608050119739  62.63443142553463  66.58612468074712  17.908880478689895  29.42692644500951  28.681562021619392  33.59333267182641  51.68821916065594  42.00714224986032  64.93344284727246  41.23377256570153  51.284071601229165  41.23377256570153
66.77694212825263  49.444999747193854  51.26207174900367  42.377635611251364  28.909514004908488  108.35825764564508  102.8414313397086  51.21140497975036  102.8414313397086  38.71154866444896  54.84822695402286  0.0  59.706013097509704  35.39073325038632  35.79351896642743  70.2319585374066  47.33184974200776  39.45083015603094  59.328306903197564  35.910555551258184  39.45630494610462  12.917894565291977  54.602344272018215  78.33844522327463  54.602344272018215
52.834382744572686  38.798556674185704  43.53389484068707  31.32615520615321  39.022557578918374  64.49099161898505  60.03892070981956  33.922853653547484  60.03892070981956  34.122368030369756  36.54608050119739  59.706013097509704  0.0  59.23715050540497  69.49820141557622  40.86005384235317  31.37094196864353  34.906618283643574  35.12241449558957  49.198292653302516  39.11858893160642  70.44589413159578  37.29107131740787  46.12045099519301  37.29107131740787
65.51750911016077  50.99129337445757  52.68077448177846  49.33785564857881  43.40774124508208  109.7415873768919  104.71202414240688  57.953843703416254  104.71202414240688  51.73300687182217  62.63443142553463  35.39073325038632  59.23715050540497  0.0  36.84323547138606  74.82999398636886  56.16796239850615  52.535473729661945  67.15164927237454  39.792361075965324  46.428181097260314  38.133240093126105  59.70393621864475  80.26291796340325  59.70393621864475
57.296980723245795  47.02016588656404  46.81230607436468  56.49283140363917  46.585920619861106  115.35309271970128  108.24365108402432  61.57629413987171  108.24365108402432  58.41890105094412  66.58612468074712  35.79351896642743  69.49820141557622  36.84323547138606  0.0  77.73580899431099  59.62583332750998  59.51409916986058  68.22961233951135  38.31417492260534  49.0802607980031  36.26965673948404  69.16380556331468  87.06903008532942  69.16380556331468
51.29842102833185  44.25553072780847  49.06689311541948  46.938001661766556  48.442130423836645  62.63270711058241  55.04725242916307  30.110463297664484  55.04725242916307  44.78097810454792  17.908880478689895  70.2319585374066  40.86005384235317  74.82999398636886  77.73580899431099  0.0  38.85501254664577  43.130499649320086  37.51618317473141  61.51890766260402  51.79590717421599  80.43685722353901  49.975914198741776  51.93488230467072  49.975914198741776
42.12752069609604  22.63431023910382  28.22552036721378  24.9022087373791  19.14575671003891  61.9388730927517  56.42885786545746  22.339919426891406  56.42885786545746  18.515074939086798  29.42692644500951  47.33184974200776  31.37094196864353  56.16796239850615  59.62583332750998  38.85501254664577  0.0  22.196576312575775  14.813777371082637  39.13607031882481  24.81709088511383  59.3997306391199  23.182924750772926  36.87123540105485  23.182924750772926
58.48302317767097  37.62201483174446  43.8793801232424  17.592043656153198  18.832312656707884  75.88765380481861  71.93102251462855  26.05409756640978  71.93102251462855  7.051241025521677  28.681562021619392  39.45083015603094  34.906618283643574  52.535473729661945  59.51409916986058  43.130499649320086  22.196576312575775  0.0  32.00287487086121  45.090664222209014  33.770756580213  50.162057374075076  31.083757816583248  51.53515305109707  31.083757816583248
40.62728147439846  26.704905916329306  30.81142645188632  33.44416242036867  32.17241054071019  53.64893288780309  46.304038700744016  29.46550525614655  46.304038700744016  29.18383113986236  33.59333267182641  59.328306903197564  35.12241449558957  67.15164927237454  68.22961233951135  37.51618317473141  14.813777371082637  32.00287487086121  0.0  47.42261064091685  32.99951514795331  71.28567878613488  32.52396039845086  36.806629837571386  32.52396039845086
42.749035076829514  34.333307443355935  29.76696155135757  40.50570330212771  31.159460842575566  92.55368172039402  84.48408134080645  44.372063283106414  84.48408134080645  42.471355052552774  51.68821916065594  35.910555551258184  49.198292653302516  39.792361075965324  38.31417492260534  61.51890766260402  39.13607031882481  45.090664222209014  47.42261064091685  0.0  17.665786141578867  45.46479957065686  49.39335987761918  64.18946954135077  49.39335987761918
41.33095692093276  27.907991686970238  25.62295845526039  29.83648772895362  22.340277527371946  78.22311678781408  70.85054692802308  33.80224844592443  70.85054692802308  30.198675467642616  42.00714224986032  39.45630494610462  39.11858893160642  46.428181097260314  49.0802607980031  51.79590717421599  24.81709088511383  33.770756580213  32.99951514795331  17.665786141578867  0.0  51.29202667081893  36.35942793829408  50.71283861114461  36.35942793829408
76.33337409023657  59.88909750530559  61.75461116386371  53.233823834100065  40.809704728164846  120.38976700700105  115.00052173794691  61.9821264559389  115.00052173794691  50.01711707005913  64.93344284727246  12.917894565291977  70.44589413159578  38.133240093126105  36.26965673948404  80.43685722353901  59.3997306391199  50.162057374075076  71.28567878613488  45.46479957065686  51.29202667081893  0.0  65.64023156570977  89.85316911495109  65.64023156570977
55.57711759348446  36.85517602725566  42.72385750374139  31.507967246396586  30.555523232306136  60.28598510433416  60.25399571812645  32.97429301744012  60.25399571812645  27.594782115465236  41.23377256570153  54.602344272018215  37.29107131740787  59.70393621864475  69.16380556331468  49.975914198741776  23.182924750772926  31.083757816583248  32.52396039845086  49.39335987761918  36.35942793829408  65.64023156570977  0.0  30.309998350379367  0.0
54.9655164625968  45.66355220523256  49.898857702356274  49.72331445107013  51.52428553604601  38.63107557394694  39.8600551931379  41.52531757855682  39.8600551931379  48.56146620521254  51.284071601229165  78.33844522327463  46.12045099519301  80.26291796340325  87.06903008532942  51.93488230467072  36.87123540105485  51.53515305109707  36.806629837571386  64.18946954135077  50.71283861114461  89.85316911495109  30.309998350379367  0.0  30.309998350379367
55.57711759348446  36.85517602725566  42.72385750374139  31.507967246396586  30.555523232306136  60.28598510433416  60.25399571812645  32.97429301744012  60.25399571812645  27.594782115465236  41.23377256570153  54.602344272018215  37.29107131740787  59.70393621864475  69.16380556331468  49.975914198741776  23.182924750772926  31.083757816583248  32.52396039845086  49.39335987761918  36.35942793829408  65.64023156570977  0.0  30.309998350379367  0.0