0.0 0.0
139.0578938885635 139.0578938885635
320.086766474661 320.086766474661
393.8102743544102 393.8102743544102
416.8661349887621 416.8661349887621
427.03434964076985 427.03434964076985
430.7385507781271 430.7385507781271
506.6168194807441 506.6168194807441
509.639089670178 509.639089670178
524.5915433212638 524.5915433212638
526.3802964273099 526.3802964273099
536.6707059982091 536.6707059982091
572.3266997818608 572.3266997818608
579.059789833043 579.059789833043
586.4843843330707 586.4843843330707
596.0938550298947 596.0938550298947
613.9799810299364 613.9799810299364
678.3235124591171 678.3235124591171
688.7627834637965 688.7627834637965
740.9421894995953 740.9421894995953
740.9421894995953 740.9421894995953
795.7233284921975 795.7233284921975
842.0973009881782 842.0973009881782
1116.893137281452 1116.893137281452
1116.893137281452 1116.893137281452
0.0 0.0
139.0578938885635 139.0578938885635
320.086766474661 320.086766474661
393.8102743544102 393.8102743544102
416.8661349887621 416.8661349887621
427.03434964076985 427.03434964076985
430.7385507781271 430.7385507781271
506.6168194807441 506.6168194807441
509.639089670178 509.639089670178
524.5915433212638 524.5915433212638
526.3802964273099 526.3802964273099
536.6707059982091 536.6707059982091
572.3266997818608 572.3266997818608
579.059789833043 579.059789833043
586.4843843330707 586.4843843330707
596.0938550298947 596.0938550298947
613.9799810299364 613.9799810299364
678.3235124591171 678.3235124591171
688.7627834637965 688.7627834637965
740.9421894995953 740.9421894995953
740.9421894995953 740.9421894995953
795.7233284921975 795.7233284921975
842.0973009881782 842.0973009881782
1116.893137281452 1116.893137281452
1116.893137281452 1116.893137281452
0.0 0.0
139.0578938885635 139.0578938885635
320.086766474661 320.086766474661
393.8102743544102 393.8102743544102
416.8661349887621 416.8661349887621
427.03434964076985 427.03434964076985
430.7385507781271 430.7385507781271
506.6168194807441 506.6168194807441
509.639089670178 509.639089670178
524.5915433212638 524.5915433212638
526.3802964273099 526.3802964273099
536.6707059982091 536.6707059982091
572.3266997818608 572.3266997818608
579.059789833043 579.059789833043
586.4843843330707 586.4843843330707
596.0938550298947 596.0938550298947
613.9799810299364 613.9799810299364
678.3235124591171 678.3235124591171
688.7627834637965 688.7627834637965
740.9421894995953 740.9421894995953
740.9421894995953 740.9421894995953
795.7233284921975 795.7233284921975
842.0973009881782 842.0973009881782
1116.893137281452 1116.893137281452
1116.893137281452 1116.893137281452
0.0 0.0
139.0578938885635 139.0578938885635
320.086766474661 320.086766474661
393.8102743544102 393.8102743544102
416.8661349887621 416.8661349887621
427.03434964076985 427.03434964076985
430.7385507781271 430.7385507781271
506.6168194807441 506.6168194807441
509.639089670178 509.639089670178
524.5915433212638 524.5915433212638
526.3802964273099 526.3802964273099
536.6707059982091 536.6707059982091
572.3266997818608 572.3266997818608
579.059789833043 579.059789833043
586.4843843330707 586.4843843330707
596.0938550298947 596.0938550298947
613.9799810299364 613.9799810299364
678.3235124591171 678.3235124591171
688.7627834637965 688.7627834637965
740.9421894995953 740.9421894995953
740.9421894995953 740.9421894995953
795.7233284921975 795.7233284921975
842.0973009881782 842.0973009881782
1116.893137281452 1116.893137281452
1116.893137281452 1116.893137281452
